   0.0000000e+00   2.1782593e+00   1.0117407e+00   7.9000000e+00
   1.0000000e-01   3.1933306e+00   1.0000000e-02   7.9000000e+00
   2.0000000e-01   1.5712853e+00   1.6223600e+00   7.9364537e+00
   3.0000000e-01   2.6426626e+00   5.6093067e-01   8.0359328e+00
   4.0000000e-01   2.0980978e+00   1.1053203e+00   8.0341813e+00
   5.0000000e-01   1.8060549e+00   1.4038689e+00   8.0992381e+00
   6.0000000e-01   1.5400981e+00   1.6729180e+00   8.1301608e+00
   7.0000000e-01   2.0689076e+00   1.1453605e+00   8.1426808e+00
   8.0000000e-01   2.2885433e+00   9.2530774e-01   8.1385106e+00
   9.0000000e-01   2.1260582e+00   1.0906796e+00   8.1673779e+00
   1.0000000e+00   2.2555613e+00   9.6543210e-01   8.2099339e+00
   1.1000000e+00   2.2483305e+00   9.7589182e-01   8.2422230e+00
   1.2000000e+00   1.9306904e+00   1.2975585e+00   8.2824891e+00
   1.3000000e+00   2.6266447e+00   6.0557428e-01   8.3221899e+00
   1.4000000e+00   1.7415085e+00   1.4926828e+00   8.3419133e+00
   1.5000000e+00   9.3862902e-01   2.3018751e+00   8.4050409e+00
   1.6000000e+00   1.2267072e+00   2.0145646e+00   8.4127181e+00
   1.7000000e+00   2.9061508e+00   3.3085969e-01   8.3701046e+00
   1.8000000e+00   1.7851536e+00   1.4494014e+00   8.3455507e+00
   1.9000000e+00   1.5200426e+00   1.7225641e+00   8.4260669e+00
   2.0000000e+00   1.5807156e+00   1.6629277e+00   8.4364333e+00
   2.1000000e+00   1.6268402e+00   1.6161686e+00   8.4300883e+00
   2.2000000e+00   1.7585488e+00   1.4842041e+00   8.4275291e+00
   2.3000000e+00   1.7542538e+00   1.4885329e+00   8.4278666e+00
   2.4000000e+00   1.8930858e+00   1.3505581e+00   8.4364393e+00
   2.5000000e+00   2.7454951e+00   4.9897785e-01   8.4447297e+00
   2.6000000e+00   2.0367835e+00   1.2093836e+00   8.4616708e+00
   2.7000000e+00   2.6395255e+00   6.1365929e-01   8.5318480e+00
   2.8000000e+00   2.3849656e+00   8.7079384e-01   8.5575945e+00
   2.9000000e+00   2.1678837e+00   1.0942025e+00   8.6208626e+00
   3.0000000e+00   1.7068409e+00   1.5599672e+00   8.6680816e+00
   3.1000000e+00   1.7701560e+00   1.5000000e+00   8.7015604e+00
   3.2000000e+00   1.8824692e+00   1.3881406e+00   8.7060979e+00
   3.3000000e+00   1.3701070e+00   1.9013463e+00   8.7145332e+00
   3.4000000e+00   3.0730824e+00   1.9991433e-01   8.7299678e+00
   3.5000000e+00   2.4941632e+00   7.7717105e-01   8.7133424e+00
   3.6000000e+00   1.6611033e+00   1.6192122e+00   8.8031549e+00
   3.7000000e+00   1.5113073e+00   1.7743598e+00   8.8566706e+00
   3.8000000e+00   1.9242166e+00   1.3615730e+00   8.8578961e+00
   3.9000000e+00   2.3771655e+00   9.0780191e-01   8.8496738e+00
   4.0000000e+00   1.8651734e+00   1.4215535e+00   8.8672692e+00
   4.1000000e+00   1.3562388e+00   1.9350771e+00   8.9131593e+00
   4.2000000e+00   1.5436289e+00   1.7490662e+00   8.9269508e+00
   4.3000000e+00   1.9859654e+00   1.3049187e+00   8.9088405e+00
   4.4000000e+00   2.5813072e+00   7.0893769e-01   8.9024489e+00
   4.5000000e+00   1.9752574e+00   1.3171168e+00   8.9237416e+00
   4.6000000e+00   2.4611216e+00   8.3710036e-01   8.9822199e+00
   4.7000000e+00   1.7387595e+00   1.5615101e+00   9.0026954e+00
   4.8000000e+00   1.9867668e+00   1.3185746e+00   9.0534141e+00
   4.9000000e+00   2.0696248e+00   1.2362626e+00   9.0588738e+00
   5.0000000e+00   1.1804277e+00   2.1275470e+00   9.0797463e+00
   5.1000000e+00   8.6446439e-01   2.4461112e+00   9.1057563e+00
   5.2000000e+00   2.1998345e+00   1.1077774e+00   9.0761182e+00
   5.3000000e+00   1.9233695e+00   1.3793043e+00   9.0267380e+00
   5.4000000e+00   2.5834164e+00   7.2267779e-01   9.0609420e+00
   5.5000000e+00   1.9678149e+00   1.3399741e+00   9.0778905e+00
   5.6000000e+00   1.8016294e+00   1.5119718e+00   9.1360121e+00
   5.7000000e+00   1.7325256e+00   1.5830285e+00   9.1555414e+00
   5.8000000e+00   2.3259003e+00   9.9055594e-01   9.1645626e+00
   5.9000000e+00   2.2508033e+00   1.0661187e+00   9.1692203e+00
   6.0000000e+00   2.4299601e+00   8.9113416e-01   9.2109426e+00
   6.1000000e+00   2.9788308e+00   3.4595910e-01   9.2478988e+00
   6.2000000e+00   2.3049090e+00   1.0246839e+00   9.2959293e+00
   6.3000000e+00   1.1442464e+00   2.1935668e+00   9.3781315e+00
   6.4000000e+00   2.0668536e+00   1.2749474e+00   9.4180101e+00
   6.5000000e+00   2.7500916e+00   5.8842409e-01   9.3851565e+00
   6.6000000e+00   1.5016709e+00   1.8393246e+00   9.4099549e+00
   6.7000000e+00   1.9878717e+00   1.3598751e+00   9.4774683e+00
   6.8000000e+00   1.2508177e+00   2.0958634e+00   9.4668111e+00
   6.9000000e+00   2.1876955e+00   1.1609498e+00   9.4864527e+00
   7.0000000e+00   1.7590373e+00   1.5869641e+00   9.4600143e+00
   7.1000000e+00   1.2216321e+00   2.1275820e+00   9.4921414e+00
   7.2000000e+00   2.2799784e+00   1.0697684e+00   9.4974685e+00
   7.3000000e+00   3.0647607e+00   2.8215419e-01   9.4691493e+00
   7.4000000e+00   2.3220813e+00   1.0286199e+00   9.5070126e+00
   7.5000000e+00   1.9124417e+00   1.4469492e+00   9.5939099e+00
   7.6000000e+00   3.5459414e+00   1.0000000e-02   9.6341948e+00
   7.7000000e+00   1.6654600e+00   1.6994078e+00   9.6486785e+00
   7.8000000e+00   2.5564226e+00   8.1949501e-01   9.7591766e+00
   7.9000000e+00   2.3828509e+00   9.9294341e-01   9.7579431e+00
   8.0000000e+00   2.3786294e+00   1.0025930e+00   9.8122240e+00
   8.1000000e+00   2.0391843e+00   1.3463731e+00   9.8555738e+00
   8.2000000e+00   1.3221529e+00   2.0676979e+00   9.8985072e+00
   8.3000000e+00   2.3380208e+00   1.0539883e+00   9.9200905e+00
   8.4000000e+00   2.1150464e+00   1.2746294e+00   9.8967585e+00
   8.5000000e+00   1.2967107e+00   2.0969814e+00   9.9369209e+00
   8.6000000e+00   3.4076348e+00   1.0000000e-02   9.9631212e+00
   8.7000000e+00   2.7923087e+00   6.0149847e-01   9.9380718e+00
   8.8000000e+00   2.0285556e+00   1.3758692e+00   1.0044248e+01
   8.9000000e+00   1.4372025e+00   1.9740520e+00   1.0112545e+01
   9.0000000e+00   1.6993763e+00   1.7139071e+00   1.0132835e+01
   9.1000000e+00   1.8564083e+00   1.5551943e+00   1.0116026e+01
   9.2000000e+00   2.0051686e+00   1.4063912e+00   1.0115598e+01
   9.3000000e+00   1.5815304e+00   1.8309708e+00   1.0125012e+01
   9.4000000e+00   1.5661191e+00   1.8482518e+00   1.0143709e+01
   9.5000000e+00   1.7561859e+00   1.6574026e+00   1.0135885e+01
   9.6000000e+00   1.5615498e+00   1.8511582e+00   1.0127081e+01
   9.7000000e+00   2.5928477e+00   8.2017041e-01   1.0130181e+01
   9.8000000e+00   1.5561020e+00   1.8560106e+00   1.0121126e+01
   9.9000000e+00   2.3244983e+00   1.0931554e+00   1.0176536e+01
   1.0000000e+01   3.0888321e+00   3.2787572e-01   1.0167078e+01
   1.0100000e+01   1.5376691e+00   1.8828881e+00   1.0205572e+01
   1.0200000e+01   2.2625300e+00   1.1666492e+00   1.0291792e+01
   1.0300000e+01   1.7029079e+00   1.7251790e+00   1.0280869e+01
   1.0400000e+01   1.8903833e+00   1.5411299e+00   1.0315132e+01
   1.0500000e+01   1.3243068e+00   2.1071315e+00   1.0314383e+01
   1.0600000e+01   2.8894616e+00   5.4306825e-01   1.0325298e+01
   1.0700000e+01   2.0585136e+00   1.3715682e+00   1.0300818e+01
   1.0800000e+01   1.9464026e+00   1.4910155e+00   1.0374181e+01
   1.0900000e+01   2.0153157e+00   1.4242377e+00   1.0395533e+01
   1.1000000e+01   2.0153157e+00   1.4256574e+00   1.0409731e+01
   1.1000000e+01   1.9360576e+00   3.0049154e+00   1.0409731e+01
   1.1000000e+01   1.9360576e+00   3.0049154e+00   1.0409731e+01
   1.1100000e+01   1.4839630e+00   3.4588550e+00   1.0428180e+01
   1.1200000e+01   1.9521319e+00   2.9873430e+00   1.0394749e+01
   1.1300000e+01   2.5385955e+00   2.3947131e+00   1.0333086e+01
   1.1400000e+01   3.0780140e+00   1.8520692e+00   1.0300832e+01
   1.1500000e+01   2.0460621e+00   2.8844757e+00   1.0305379e+01
   1.1600000e+01   8.0190368e-01   4.1324646e+00   1.0343682e+01
   1.1700000e+01   2.7251305e+00   2.2066117e+00   1.0317422e+01
   1.1800000e+01   1.9479439e+00   2.9733944e+00   1.0213383e+01
   1.1900000e+01   2.6888603e+00   2.2341146e+00   1.0229749e+01
   1.2000000e+01   2.4910423e+00   2.4287255e+00   1.0197678e+01
   1.2100000e+01   1.9437694e+00   2.9774245e+00   1.0211939e+01
   1.2200000e+01   1.5984295e+00   3.3229570e+00   1.0213864e+01
   1.2300000e+01   2.7023999e+00   2.2157561e+00   1.0181560e+01
   1.2400000e+01   1.6048099e+00   3.3079619e+00   1.0127719e+01
   1.2500000e+01   1.6942477e+00   3.2200533e+00   1.0143010e+01
   1.2600000e+01   2.5083525e+00   2.4006238e+00   1.0089763e+01
   1.2700000e+01   2.2037485e+00   2.7004680e+00   1.0042165e+01
   1.2800000e+01   1.2179949e+00   3.6865657e+00   1.0045606e+01
   1.2900000e+01   1.9192497e+00   2.9837581e+00   1.0030078e+01
   1.3000000e+01   1.9395467e+00   2.9557492e+00   9.9529593e+00
   1.3100000e+01   1.9409308e+00   2.9510506e+00   9.9198139e+00
   1.3200000e+01   2.1913291e+00   2.6974818e+00   9.8881094e+00
   1.3300000e+01   1.3097596e+00   3.5758997e+00   9.8565927e+00
   1.3400000e+01   1.7942772e+00   3.0898053e+00   9.8408247e+00
   1.3500000e+01   1.3109330e+00   3.5660702e+00   9.7700324e+00
   1.3600000e+01   2.3882284e+00   2.4847373e+00   9.7296578e+00
   1.3700000e+01   2.6043399e+00   2.2615849e+00   9.6592478e+00
   1.3800000e+01   1.9082707e+00   2.9573635e+00   9.6563419e+00
   1.3900000e+01   2.1921044e+00   2.6746013e+00   9.6670576e+00
   1.4000000e+01   2.3514557e+00   2.5119700e+00   9.6342567e+00
   1.4100000e+01   2.2459585e+00   2.6159645e+00   9.6192299e+00
   1.4200000e+01   2.2986555e+00   2.5627682e+00   9.6142373e+00
   1.4300000e+01   1.9014631e+00   2.9588051e+00   9.6026824e+00
   1.4400000e+01   2.2134662e+00   2.6459784e+00   9.5944470e+00
   1.4500000e+01   1.3666963e+00   3.4894455e+00   9.5614179e+00
   1.4600000e+01   2.2515667e+00   2.6032287e+00   9.5479535e+00
   1.4700000e+01   2.6158429e+00   2.2323209e+00   9.4816386e+00
   1.4800000e+01   1.9117513e+00   2.9353240e+00   9.4707528e+00
   1.4900000e+01   2.0051173e+00   2.8431582e+00   9.4827549e+00
   1.5000000e+01   2.0051173e+00   2.8399576e+00   9.4507495e+00
   1.5000000e+01   2.9743225e+00   3.7075244e-01   9.4507495e+00
   1.5000000e+01   2.9743225e+00   3.7075244e-01   9.4507495e+00
   1.5100000e+01   1.9007611e+00   1.4417000e+00   9.4246107e+00
   1.5200000e+01   2.0900661e+00   1.2605352e+00   9.5060131e+00
   1.5300000e+01   2.3778438e+00   9.7417939e-01   9.5202316e+00
   1.5400000e+01   1.5642839e+00   1.7903293e+00   9.5461322e+00
   1.5500000e+01   2.1410504e+00   1.2179452e+00   9.5899562e+00
   1.5600000e+01   2.5748784e+00   7.8340398e-01   9.5828238e+00
   1.5700000e+01   2.2129018e+00   1.1482664e+00   9.6116820e+00
   1.5800000e+01   2.1044315e+00   1.2623305e+00   9.6676205e+00
   1.5900000e+01   1.1922672e+00   2.1778131e+00   9.7008030e+00
   1.6000000e+01   1.4376906e+00   1.9350160e+00   9.7270668e+00
   1.6100000e+01   9.7665273e-01   2.3929700e+00   9.6962274e+00
   1.6200000e+01   1.5010101e+00   1.8670633e+00   9.6807342e+00
   1.6300000e+01   2.1624174e+00   1.2012324e+00   9.6364985e+00
   1.6400000e+01   1.9664606e+00   1.3960523e+00   9.6251284e+00
   1.6500000e+01   1.5143484e+00   1.8511699e+00   9.6551832e+00
   1.6600000e+01   3.2088446e+00   1.5845158e-01   9.6729615e+00
   1.6700000e+01   1.7052801e+00   1.6609607e+00   9.6624081e+00
   1.6800000e+01   2.0350908e+00   1.3406841e+00   9.7577494e+00
   1.6900000e+01   2.0014699e+00   1.3744286e+00   9.7589854e+00
   1.7000000e+01   2.0881579e+00   1.2899104e+00   9.7806836e+00
   1.7100000e+01   2.4358957e+00   9.4412882e-01   9.8002448e+00
   1.7200000e+01   8.6417977e-01   2.5183362e+00   9.8251595e+00
   1.7300000e+01   1.2306017e+00   2.1565721e+00   9.8717382e+00
   1.7400000e+01   1.1539513e+00   2.2280460e+00   9.8199731e+00
   1.7500000e+01   2.1934469e+00   1.1856649e+00   9.7911174e+00
   1.7600000e+01   1.9927246e+00   1.3830351e+00   9.7575970e+00
   1.7700000e+01   1.9907555e+00   1.3881588e+00   9.7891426e+00
   1.7800000e+01   2.0318491e+00   1.3489655e+00   9.8081461e+00
   1.7900000e+01   2.5619148e+00   8.2077992e-01   9.8269475e+00
   1.8000000e+01   1.8114702e+00   1.5733556e+00   9.8482583e+00
   1.8100000e+01   1.1820934e+00   2.2081701e+00   9.9026354e+00
   1.8200000e+01   1.4724122e+00   1.9185870e+00   9.9099916e+00
   1.8300000e+01   1.4251178e+00   1.9626737e+00   9.8779152e+00
   1.8400000e+01   1.3274220e+00   2.0589803e+00   9.8640223e+00
   1.8500000e+01   2.0374784e+00   1.3472461e+00   9.8472454e+00
   1.8600000e+01   1.2160653e+00   2.1663757e+00   9.8244104e+00
   1.8700000e+01   1.8623257e+00   1.5222759e+00   9.8460159e+00
   1.8800000e+01   2.6771384e+00   7.0449008e-01   9.8162849e+00
   1.8900000e+01   1.3738488e+00   2.0088470e+00   9.8269579e+00
   1.9000000e+01   1.8069445e+00   1.5819142e+00   9.8885865e+00
   1.9100000e+01   1.5003101e+00   1.8865546e+00   9.8686465e+00
   1.9200000e+01   1.4260028e+00   1.9615682e+00   9.8757099e+00
   1.9300000e+01   2.7080529e+00   6.7830997e-01   9.8636287e+00
   1.9400000e+01   1.6635356e+00   1.7211555e+00   9.8469111e+00
   1.9500000e+01   1.3807454e+00   2.0102913e+00   9.9103667e+00
   1.9600000e+01   1.4157805e+00   1.9750662e+00   9.9084670e+00
   1.9700000e+01   1.6121127e+00   1.7767670e+00   9.8887966e+00
   1.9800000e+01   2.0914187e+00   1.2957162e+00   9.8713497e+00
   1.9900000e+01   1.5618624e+00   1.8247607e+00   9.8662315e+00
   2.0000000e+01   2.5536177e+00   8.3549281e-01   9.8911052e+00
